0.2194 0.4223 -16.0
0.2695 0.4987 -20.4  
0.3167 0.5145 1.4    
0.2268 0.4039 -12.3  
0.2660 0.4638 -15.6  
0.2529 0.4525 -11.8 
0.2939 0.4868 -32.6  
0.2440 0.5717 -21.49 
0.3328 0.4815 29.17  
0.1711 0.3600 -6.259 
0.1910 0.3652 -1.15  
0.2059 0.5072 -19.11 
0.7219 0.9756 2.606  
0.4974 0.5942 21.82  
0.4305 0.5593 -18.97 
0.1876 0.316  -4.043  
0.1957 0.3966 -18.69 
0.2691 0.5297 -19.61 
0.1829 0.4541 -23.15 
0.2296 0.5031 31.05  
0.2733 0.5275 -17.24 
0.2355 0.4511 -19.39 
0.1893 0.3242 -1.154 
0.1767 0.3282 -6.038 
0.1789 0.3247 -6.36  
0.182  0.3214 0.1594   
0.1782 0.3122 -4.746 
0.2275 0.5066 32.76  
0.1788 0.3091 -6.409 
0.1944 0.3329 6.959  
0.3021 0.3886 1.647  -
0.208  0.387  -4.19    
0.2434 0.3597 -5.03  
0.1844 0.3033 -1.033 
0.1822 0.3739 -11.44 
0.184  0.4529 -14.13 
0.3078 0.5142 23.13  
0.1515 0.4154 -12.37 
0.1918 0.4488 30.14  
0.268  0.4634 17.04   
0.1988 0.3952 -11    
0.1895 0.3812 -9.789 
0.1943 0.3721 -11.69 
0.1833 0.5568 -20.22 
0.2081 0.4594 -10.04 
0.2198 0.4243 -11.47 
0.2013 0.4341 -15.19 
0.1747 0.3544 -4.835 
0.1725 0.4344 -11.72 
0.2254 0.6268 -19.97 
0.1989 0.4119 -13.46 
0.3196 0.5101 31.41  
0.5215 0.6006 76.2   
0.2403 0.5236 -12.14 
0.2913 0.5478 31.4   
0.2163 0.5433 -19.8  
0.2188 0.4085 -16.88 
0.1843 0.384  -9.607 
0.2032 0.3993 -16.75
0.191  0.3899 -7.228 
0.1811 0.404  -4.65  
0.2008 0.3884 -9.431
0.1813 0.4981 -1.445
0.2634 0.4663 2.563 
0.1921 0.4573 -18.34
0.2015 0.4688 -15.91
0.2085 0.4480 -18.34  
0.2200 0.5238 -20.01 
